0412ece3
0e416ce2
007f0208
ea211aef
0001f1dd
1b19e818
0fcecfdb
1218f8e0
0fdecf4e
22e8fb0d
fa2218f0
eee2f3fc
0dfea413
f811e1f3
0eaf9317
002ec125
00000000
00000000
00000000
00000000
00000000
00000000
00000000
00000000
00000000
00000000
00000000
00000000
00000000
00000000
00000000
00000000
0000002b
675c3a25
25252522
06000000
00000012
2b35616a
7473677f
2b000000
00000000
00000102
04042273
09000000
00000000
00000000
00067240
00000000
00000000
00000000
00367408
00000000
00000000
00000000
046c2500
00000000
00000000
00000000
416f0500
00000000
00000000
0000002a
77250000
00000000
00000000
00000564
48000000
00000000
00000000
0000417f
10000000
00000000
00000000
00077676
0d000000
00000000
00000000
00032d11
00000000
00000000
00000000
00000000
00000000
00000000
00000000
00000000
00000000
00000000
00000000
00000000
00000000
00000000
00000000
00000000
00000000
00000000
00000000
00000000
00000000
00000000
00000000
00000000
00000000
00000000
00000000
00000000
00000000
00000000
00000000
00000000
00000000
00000000
00000000
00000000
00000000
00000000
00000000
00000000
00000000
00000000
00000000
00000000
00000000
00000000
00000000
00000000
00000000
00000000
00000000